0 0 0
100000000 9.9932013e+07 99932013
200000000 1.99919135e+08 99987122
300000000 2.99912656e+08 99993521
400000000 3.99909489e+08 99996833
500000000 4.99907708e+08 99998219
600000000 5.99905927e+08 99998219
700000000 6.9990276e+08 99996833
800000000 7.99896281e+08 99993521
900000000 8.99883403e+08 99987122
1000000000 9.99859093e+08 99975690
1100000000 1.099859092e+09 99999999
1200000000 1.199846215e+09 99987123
1300000000 1.29983978e+09 99993565
1400000000 1.399836777e+09 99996997
1500000000 1.49983549e+09 99998713
1600000000 1.599834995e+09 99999505
1700000000 1.69983483e+09 99999835
1800000000 1.799834785e+09 99999955
1900000000 1.899834776e+09 99999991
2000000000 1.999834774e+09 99999998
2100000000 2.099834773e+09 99999999
2200000000 2.199834764e+09 99999991
2300000000 2.299828286e+09 99993522
2400000000 2.399825283e+09 99996997
2500000000 2.499823996e+09 99998713
2600000000 2.599823501e+09 99999505
2700000000 2.699823336e+09 99999835
2800000000 2.799823291e+09 99999955
2900000000 2.899823282e+09 99999991
3000000000 2.99982328e+09 99999998
3100000000 3.099823279e+09 99999999
3200000000 3.19982327e+09 99999991
3300000000 3.299823225e+09 99999955
3400000000 3.399820059e+09 99996834
3500000000 3.499818772e+09 99998713
3600000000 3.599818277e+09 99999505
3700000000 3.699818112e+09 99999835
3800000000 3.799818067e+09 99999955
3900000000 3.899818058e+09 99999991
4000000000 3.999818056e+09 99999998
4100000000 4.099818055e+09 99999999
4200000000 4.199818046e+09 99999991
4300000000 4.299818001e+09 99999955
4400000000 4.399817836e+09 99999835
4500000000 4.499816056e+09 99998220
4600000000 4.599815561e+09 99999505
4700000000 4.699815396e+09 99999835
4800000000 4.799815351e+09 99999955
4900000000 4.899815342e+09 99999991
5000000000 4.99981534e+09 99999998
5100000000 5.099815339e+09 99999999
5200000000 5.19981533e+09 99999991
5300000000 5.299815285e+09 99999955
5400000000 5.39981512e+09 99999835
5500000000 5.499814625e+09 99999505
5600000000 5.599812845e+09 99998220
5700000000 5.69981268e+09 99999835
5800000000 5.799812635e+09 99999955
5900000000 5.899812626e+09 99999991
6000000000 5.999812624e+09 99999998
6100000000 6.099812623e+09 99999999
6200000000 6.199812614e+09 99999991
6300000000 6.299812569e+09 99999955
6400000000 6.399812404e+09 99999835
6500000000 6.499811909e+09 99999505
6600000000 6.599810622e+09 99998713
6700000000 6.699807456e+09 99996834
6800000000 6.799807411e+09 99999955
6900000000 6.899807402e+09 99999991
7000000000 6.9998074e+09 99999998
7100000000 7.099807399e+09 99999999
7200000000 7.19980739e+09 99999991
7300000000 7.299807345e+09 99999955
7400000000 7.39980718e+09 99999835
7500000000 7.499806685e+09 99999505
7600000000 7.599805398e+09 99998713
7700000000 7.699802395e+09 99996997
7800000000 7.799795917e+09 99993522
7900000000 7.899795908e+09 99999991
8000000000 7.999795906e+09 99999998
8100000000 8.099795905e+09 99999999
8200000000 8.199795896e+09 99999991
8300000000 8.299795851e+09 99999955
8400000000 8.399795686e+09 99999835
8500000000 8.499795191e+09 99999505
8600000000 8.599793904e+09 99998713
8700000000 8.699790901e+09 99996997
8800000000 8.799784466e+09 99993565
8900000000 8.899771589e+09 99987123
9000000000 8.999771587e+09 99999998
9100000000 9.099771586e+09 99999999
9200000000 9.199771577e+09 99999991
9300000000 9.299771532e+09 99999955
9400000000 9.399771367e+09 99999835
9500000000 9.499770872e+09 99999505
9600000000 9.599769585e+09 99998713
9700000000 9.699766582e+09 99996997
9800000000 9.799760147e+09 99993565
9900000000 9.899747277e+09 99987130
10000000000 9.999722967e+09 99975690
10100000000 1.0099722967e+10 100000000
10200000000 1.0199722967e+10 100000000
10300000000 1.0299722967e+10 100000000
10400000000 1.0399722967e+10 100000000
10500000000 1.0499722967e+10 100000000
10600000000 1.0599722967e+10 100000000
10700000000 1.0699722967e+10 100000000
10800000000 1.0799722967e+10 100000000
10900000000 1.0899722967e+10 100000000
11000000000 1.0999722966e+10 99999999
11100000000 1.1099722965e+10 99999999
11200000000 1.1199710088e+10 99987123
11300000000 1.1299703653e+10 99993565
11400000000 1.139970065e+10 99996997
11500000000 1.1499699363e+10 99998713
11600000000 1.1599698868e+10 99999505
11700000000 1.1699698703e+10 99999835
11800000000 1.1799698658e+10 99999955
11900000000 1.1899698649e+10 99999991
12000000000 1.1999698648e+10 99999999
12100000000 1.2099698648e+10 100000000
12200000000 1.2199698648e+10 100000000
12300000000 1.2299692213e+10 99993565
12400000000 1.239968921e+10 99996997
12500000000 1.2499687923e+10 99998713
12600000000 1.2599687428e+10 99999505
12700000000 1.2699687263e+10 99999835
12800000000 1.2799687218e+10 99999955
12900000000 1.2899687209e+10 99999991
13000000000 1.2999687208e+10 99999999
13100000000 1.3099687208e+10 100000000
13200000000 1.3199687208e+10 100000000
13300000000 1.3299687208e+10 100000000
13400000000 1.3399684205e+10 99996997
13500000000 1.3499682918e+10 99998713
13600000000 1.3599682423e+10 99999505
13700000000 1.3699682258e+10 99999835
13800000000 1.3799682213e+10 99999955
13900000000 1.3899682204e+10 99999991
14000000000 1.3999682203e+10 99999999
14100000000 1.4099682203e+10 100000000
14200000000 1.4199682203e+10 100000000
14300000000 1.4299682203e+10 100000000
14400000000 1.4399682203e+10 100000000
14500000000 1.4499680916e+10 99998713
14600000000 1.4599680421e+10 99999505
14700000000 1.4699680256e+10 99999835
14800000000 1.4799680211e+10 99999955
14900000000 1.4899680202e+10 99999991
15000000000 1.4999680201e+10 99999999
15100000000 1.5099680201e+10 100000000
15200000000 1.5199680201e+10 100000000
15300000000 1.5299680201e+10 100000000
15400000000 1.5399680201e+10 100000000
15500000000 1.5499680201e+10 100000000
15600000000 1.5599679706e+10 99999505
15700000000 1.5699679541e+10 99999835
15800000000 1.5799679496e+10 99999955
15900000000 1.5899679487e+10 99999991
16000000000 1.5999679486e+10 99999999
16100000000 1.6099679486e+10 100000000
16200000000 1.6199679486e+10 100000000
16300000000 1.6299679486e+10 100000000
16400000000 1.6399679486e+10 100000000
16500000000 1.6499679486e+10 100000000
16600000000 1.6599679486e+10 100000000
16700000000 1.6699679321e+10 99999835
16800000000 1.6799679276e+10 99999955
16900000000 1.6899679267e+10 99999991
17000000000 1.6999679266e+10 99999999
17100000000 1.7099679266e+10 100000000
17200000000 1.7199679266e+10 100000000
17300000000 1.7299679266e+10 100000000
17400000000 1.7399679266e+10 100000000
17500000000 1.7499679266e+10 100000000
17600000000 1.7599679266e+10 100000000
17700000000 1.7699679266e+10 100000000
17800000000 1.7799679221e+10 99999955
17900000000 1.7899679212e+10 99999991
18000000000 1.7999679211e+10 99999999
18100000000 1.8099679211e+10 100000000
18200000000 1.8199679211e+10 100000000
18300000000 1.8299679211e+10 100000000
18400000000 1.8399679211e+10 100000000
18500000000 1.8499679211e+10 100000000
18600000000 1.8599679211e+10 100000000
18700000000 1.8699679211e+10 100000000
18800000000 1.8799679211e+10 100000000
18900000000 1.8899679202e+10 99999991
19000000000 1.8999679201e+10 99999999
19100000000 1.9099679201e+10 100000000
19200000000 1.9199679201e+10 100000000
19300000000 1.9299679201e+10 100000000
19400000000 1.9399679201e+10 100000000
19500000000 1.9499679201e+10 100000000
19600000000 1.9599679201e+10 100000000
19700000000 1.9699679201e+10 100000000
19800000000 1.9799679201e+10 100000000
19900000000 1.9899679201e+10 100000000
20000000000 1.9999679199e+10 99999998
20100000000 2.0099679199e+10 100000000
20200000000 2.0199679199e+10 100000000
20300000000 2.0299679199e+10 100000000
20400000000 2.0399679199e+10 100000000
20500000000 2.0499679199e+10 100000000
20600000000 2.0599679199e+10 100000000
20700000000 2.0699679199e+10 100000000
20800000000 2.0799679199e+10 100000000
20900000000 2.0899679199e+10 100000000
21000000000 2.0999679198e+10 99999999
21100000000 2.1099679197e+10 99999999
21200000000 2.1199679189e+10 99999992
21300000000 2.1299679189e+10 100000000
21400000000 2.1399679189e+10 100000000
21500000000 2.1499679189e+10 100000000
21600000000 2.1599679189e+10 100000000
21700000000 2.1699679189e+10 100000000
21800000000 2.1799679189e+10 100000000
21900000000 2.1899679189e+10 100000000
22000000000 2.1999679188e+10 99999999
22100000000 2.2099679187e+10 99999999
22200000000 2.2199679178e+10 99999991
22300000000 2.22996727e+10 99993522
22400000000 2.2399669697e+10 99996997
22500000000 2.249966841e+10 99998713
22600000000 2.2599667915e+10 99999505
22700000000 2.269966775e+10 99999835
22800000000 2.2799667705e+10 99999955
22900000000 2.2899667696e+10 99999991
23000000000 2.2999667695e+10 99999999
23100000000 2.3099667695e+10 100000000
23200000000 2.3199667695e+10 100000000
23300000000 2.3299667695e+10 100000000
23400000000 2.3399664692e+10 99996997
23500000000 2.3499663405e+10 99998713
23600000000 2.359966291e+10 99999505
23700000000 2.3699662745e+10 99999835
23800000000 2.37996627e+10 99999955
23900000000 2.3899662691e+10 99999991
24000000000 2.399966269e+10 99999999
24100000000 2.409966269e+10 100000000
24200000000 2.419966269e+10 100000000
24300000000 2.429966269e+10 100000000
24400000000 2.439966269e+10 100000000
24500000000 2.4499661403e+10 99998713
24600000000 2.4599660908e+10 99999505
24700000000 2.4699660743e+10 99999835
24800000000 2.4799660698e+10 99999955
24900000000 2.4899660689e+10 99999991
25000000000 2.4999660688e+10 99999999
25100000000 2.5099660688e+10 100000000
25200000000 2.5199660688e+10 100000000
25300000000 2.5299660688e+10 100000000
25400000000 2.5399660688e+10 100000000
25500000000 2.5499660688e+10 100000000
25600000000 2.5599660193e+10 99999505
25700000000 2.5699660028e+10 99999835
25800000000 2.5799659983e+10 99999955
25900000000 2.5899659974e+10 99999991
26000000000 2.5999659973e+10 99999999
26100000000 2.6099659973e+10 100000000
26200000000 2.6199659973e+10 100000000
26300000000 2.6299659973e+10 100000000
26400000000 2.6399659973e+10 100000000
26500000000 2.6499659973e+10 100000000
26600000000 2.6599659973e+10 100000000
26700000000 2.6699659808e+10 99999835
26800000000 2.6799659763e+10 99999955
26900000000 2.6899659754e+10 99999991
27000000000 2.6999659753e+10 99999999
27100000000 2.7099659753e+10 100000000
27200000000 2.7199659753e+10 100000000
27300000000 2.7299659753e+10 100000000
27400000000 2.7399659753e+10 100000000
27500000000 2.7499659753e+10 100000000
27600000000 2.7599659753e+10 100000000
27700000000 2.7699659753e+10 100000000
27800000000 2.7799659708e+10 99999955
27900000000 2.7899659699e+10 99999991
28000000000 2.7999659698e+10 99999999
28100000000 2.8099659698e+10 100000000
28200000000 2.8199659698e+10 100000000
28300000000 2.8299659698e+10 100000000
28400000000 2.8399659698e+10 100000000
28500000000 2.8499659698e+10 100000000
28600000000 2.8599659698e+10 100000000
28700000000 2.8699659698e+10 100000000
28800000000 2.8799659698e+10 100000000
28900000000 2.8899659689e+10 99999991
29000000000 2.8999659688e+10 99999999
29100000000 2.9099659688e+10 100000000
29200000000 2.9199659688e+10 100000000
29300000000 2.9299659688e+10 100000000
29400000000 2.9399659688e+10 100000000
29500000000 2.9499659688e+10 100000000
29600000000 2.9599659688e+10 100000000
29700000000 2.9699659688e+10 100000000
29800000000 2.9799659688e+10 100000000
29900000000 2.9899659688e+10 100000000
30000000000 2.9999659686e+10 99999998
30100000000 3.0099659686e+10 100000000
30200000000 3.0199659686e+10 100000000
30300000000 3.0299659686e+10 100000000
30400000000 3.0399659686e+10 100000000
30500000000 3.0499659686e+10 100000000
30600000000 3.0599659686e+10 100000000
30700000000 3.0699659686e+10 100000000
30800000000 3.0799659686e+10 100000000
30900000000 3.0899659686e+10 100000000
31000000000 3.0999659685e+10 99999999
31100000000 3.1099659684e+10 99999999
31200000000 3.1199659676e+10 99999992
31300000000 3.1299659676e+10 100000000
31400000000 3.1399659676e+10 100000000
31500000000 3.1499659676e+10 100000000
31600000000 3.1599659676e+10 100000000
31700000000 3.1699659676e+10 100000000
31800000000 3.1799659676e+10 100000000
31900000000 3.1899659676e+10 100000000
32000000000 3.1999659675e+10 99999999
32100000000 3.2099659674e+10 99999999
32200000000 3.2199659665e+10 99999991
32300000000 3.2299659621e+10 99999956
32400000000 3.2399659621e+10 100000000
32500000000 3.2499659621e+10 100000000
32600000000 3.2599659621e+10 100000000
32700000000 3.2699659621e+10 100000000
32800000000 3.2799659621e+10 100000000
32900000000 3.2899659621e+10 100000000
33000000000 3.299965962e+10 99999999
33100000000 3.3099659619e+10 99999999
33200000000 3.319965961e+10 99999991
33300000000 3.3299659565e+10 99999955
33400000000 3.3399656399e+10 99996834
33500000000 3.3499655112e+10 99998713
33600000000 3.3599654617e+10 99999505
33700000000 3.3699654452e+10 99999835
33800000000 3.3799654407e+10 99999955
33900000000 3.3899654398e+10 99999991
34000000000 3.3999654397e+10 99999999
34100000000 3.4099654397e+10 100000000
34200000000 3.4199654397e+10 100000000
34300000000 3.4299654397e+10 100000000
34400000000 3.4399654397e+10 100000000
34500000000 3.449965311e+10 99998713
34600000000 3.4599652615e+10 99999505
34700000000 3.469965245e+10 99999835
34800000000 3.4799652405e+10 99999955
34900000000 3.4899652396e+10 99999991
35000000000 3.4999652395e+10 99999999
35100000000 3.5099652395e+10 100000000
35200000000 3.5199652395e+10 100000000
35300000000 3.5299652395e+10 100000000
35400000000 3.5399652395e+10 100000000
35500000000 3.5499652395e+10 100000000
35600000000 3.55996519e+10 99999505
35700000000 3.5699651735e+10 99999835
35800000000 3.579965169e+10 99999955
35900000000 3.5899651681e+10 99999991
36000000000 3.599965168e+10 99999999
36100000000 3.609965168e+10 100000000
36200000000 3.619965168e+10 100000000
36300000000 3.629965168e+10 100000000
36400000000 3.639965168e+10 100000000
36500000000 3.649965168e+10 100000000
36600000000 3.659965168e+10 100000000
36700000000 3.6699651515e+10 99999835
36800000000 3.679965147e+10 99999955
36900000000 3.6899651461e+10 99999991
37000000000 3.699965146e+10 99999999
37100000000 3.709965146e+10 100000000
37200000000 3.719965146e+10 100000000
37300000000 3.729965146e+10 100000000
37400000000 3.739965146e+10 100000000
37500000000 3.749965146e+10 100000000
37600000000 3.759965146e+10 100000000
37700000000 3.769965146e+10 100000000
37800000000 3.7799651415e+10 99999955
37900000000 3.7899651406e+10 99999991
38000000000 3.7999651405e+10 99999999
38100000000 3.8099651405e+10 100000000
38200000000 3.8199651405e+10 100000000
38300000000 3.8299651405e+10 100000000
38400000000 3.8399651405e+10 100000000
38500000000 3.8499651405e+10 100000000
38600000000 3.8599651405e+10 100000000
38700000000 3.8699651405e+10 100000000
38800000000 3.8799651405e+10 100000000
38900000000 3.8899651396e+10 99999991
39000000000 3.8999651395e+10 99999999
39100000000 3.9099651395e+10 100000000
39200000000 3.9199651395e+10 100000000
39300000000 3.9299651395e+10 100000000
39400000000 3.9399651395e+10 100000000
39500000000 3.9499651395e+10 100000000
39600000000 3.9599651395e+10 100000000
39700000000 3.9699651395e+10 100000000
39800000000 3.9799651395e+10 100000000
39900000000 3.9899651395e+10 100000000
40000000000 3.9999651393e+10 99999998
40100000000 4.0099651393e+10 100000000
40200000000 4.0199651393e+10 100000000
40300000000 4.0299651393e+10 100000000
40400000000 4.0399651393e+10 100000000
40500000000 4.0499651393e+10 100000000
40600000000 4.0599651393e+10 100000000
40700000000 4.0699651393e+10 100000000
40800000000 4.0799651393e+10 100000000
